997 9808 9.83751
12
9
7
11
6
10
4
16
11
11
6
7
7
9
4
13
8
11
6
14
17
11
9
8
7
9
20
13
7
4
11
13
12
12
16
12
8
11
11
9
11
14
11
10
9
9
10
6
7
7
6
12
9
5
14
8
3
6
7
9
13
11
14
9
2
11
13
12
11
10
11
12
9
12
12
15
9
11
9
12
13
11
10
10
11
15
11
9
4
10
12
12
11
12
7
14
12
9
14
12
15
10
4
7
9
14
13
12
8
13
9
6
12
10
8
14
14
6
15
11
8
11
8
7
6
5
8
6
12
8
9
13
6
7
4
7
10
8
12
13
6
13
9
7
12
13
7
8
11
7
6
11
14
5
13
14
8
8
13
6
12
6
10
8
12
6
8
2
11
3
13
16
6
7
7
7
15
12
10
11
7
9
11
10
11
11
9
8
7
11
10
7
9
12
8
12
8
10
9
11
10
11
12
9
7
14
13
10
10
9
6
4
10
9
10
14
13
7
7
13
11
5
3
3
8
11
10
6
9
11
16
7
16
14
7
7
10
18
15
10
6
8
11
4
11
12
9
3
11
6
8
15
7
11
14
7
9
14
7
17
11
8
11
4
15
10
12
7
5
7
9
11
7
7
12
8
11
7
10
9
11
10
10
8
9
8
10
6
8
11
10
7
14
6
7
16
11
9
7
13
12
12
10
8
9
7
11
10
12
11
6
11
11
13
9
15
13
7
6
8
9
8
9
11
9
5
9
6
9
6
12
12
18
7
11
12
11
6
7
6
16
5
7
10
16
9
11
13
10
11
15
6
12
7
11
11
16
4
4
10
5
9
13
16
7
11
9
8
12
12
14
13
12
8
12
14
8
9
8
2
8
10
6
9
15
5
15
10
17
12
5
14
9
10
11
8
10
10
9
15
11
8
13
8
8
8
13
9
7
10
12
9
14
7
18
12
17
6
5
11
5
9
18
8
6
10
9
13
7
8
8
8
7
13
11
16
10
7
6
5
6
3
11
8
7
10
5
4
9
8
10
8
11
11
12
10
7
16
8
7
6
11
11
11
12
7
4
13
15
16
6
9
11
5
5
13
14
6
10
10
11
16
7
11
12
12
16
10
8
8
8
9
9
10
9
11
13
15
8
8
7
14
8
9
10
6
11
11
11
9
11
13
13
7
8
16
9
14
10
10
6
9
10
10
10
8
8
9
7
6
7
11
9
8
9
9
9
8
5
9
7
12
11
12
11
12
6
15
8
11
5
10
9
8
7
12
10
14
10
11
10
14
12
6
6
17
7
8
15
7
9
7
5
11
12
6
10
13
6
7
8
10
6
7
7
6
8
8
12
7
8
5
12
14
12
8
11
12
11
12
7
12
15
12
13
13
11
12
8
17
14
11
10
7
18
12
11
15
11
10
18
11
11
17
19
13
9
14
6
8
13
9
16
11
10
9
7
8
7
10
7
6
10
12
11
12
12
7
11
5
14
14
9
11
11
12
12
7
6
11
7
7
6
6
10
10
12
13
8
6
5
8
10
9
12
7
5
13
6
5
5
12
15
15
9
11
7
10
6
8
8
7
11
10
7
12
15
9
16
9
8
9
11
12
9
12
15
8
8
11
9
7
17
7
9
9
6
7
9
14
4
7
7
11
12
8
8
13
9
11
11
16
9
11
14
7
8
4
11
4
2
12
10
10
7
15
5
7
13
16
7
5
10
7
9
15
5
9
9
13
12
8
13
7
17
11
9
3
13
13
9
8
8
10
10
12
6
8
5
7
13
8
12
13
12
8
11
7
17
8
10
10
8
9
13
10
11
10
14
7
12
7
9
15
9
9
9
8
8
8
9
15
12
13
11
8
12
14
17
14
9
12
10
11
3
10
7
15
14
7
8
8
13
13
10
6
5
10
11
10
5
6
11
14
9
10
13
7
9
10
9
7
7
9
6
13
8
2
7
10
4
11
8
9
12
11
10
8
8
11
6
7
10
8
9
6
7
11
6
11
8
14
7
16
4
11
9
9
8
9
7
9
5
10
11
11
8
11
18
7
10
8
11
14
8
6
17
7
12
16
11
11
6
16
9
4
10
14
8
10
9
13
7
14
10
12
11
9
18
13
8
5
7
4
12
10
9
10
14
7
8
6
9
12
12
11
12
8
7
7
10
12
6
12
13
11
12
17
11
15
10
9
22
14
17
9
10
11
10
15
9
11
17
8
9
12
4
12
15
12
9
10
10
14
14
9
14
11
13
8
13
4
7
10
8
10
17
