100000 1000
20 0.242389
21 0.243659
20 0.243389
20 0.242584
20 0.243649
20 0.243724
20 0.242789
20 0.242934
20 0.243134
20 0.242829
20 0.243744
21 0.244034
20 0.243344
20 0.243514
20 0.243284
21 0.242489
21 0.243424
20 0.243119
20 0.243799
20 0.243229
20 0.243049
21 0.243724
20 0.242814
20 0.244074
20 0.243009
20 0.242969
20 0.243124
20 0.243294
20 0.243084
20 0.242999
20 0.243544
20 0.242494
20 0.242844
20 0.243014
20 0.243629
20 0.243464
20 0.244014
20 0.243779
20 0.243189
20 0.243119
20 0.243274
20 0.242814
20 0.243659
20 0.243334
20 0.243274
21 0.242794
20 0.243064
20 0.242814
20 0.243179
20 0.243379
20 0.243154
21 0.242789
20 0.242709
20 0.244044
20 0.243029
20 0.242799
20 0.242709
20 0.243574
21 0.242949
21 0.243194
20 0.242759
20 0.242784
20 0.243004
20 0.243269
20 0.243324
21 0.243014
20 0.242749
20 0.243154
20 0.243064
20 0.243309
20 0.243864
20 0.243759
20 0.242649
20 0.243064
21 0.241969
20 0.243384
20 0.243084
20 0.243124
21 0.243669
20 0.242539
20 0.244499
20 0.244344
20 0.244134
20 0.243734
21 0.243829
20 0.243124
20 0.242989
20 0.242644
20 0.243949
20 0.244194
21 0.242954
20 0.243094
21 0.243209
20 0.243334
21 0.243589
20 0.242574
20 0.242724
20 0.243509
20 0.242489
20 0.243909
20 0.243089
20 0.243374
20 0.243064
20 0.243304
21 0.243234
20 0.243414
20 0.243664
20 0.243534
20 0.243334
20 0.243394
20 0.243304
21 0.243824
21 0.242969
21 0.243244
20 0.242894
20 0.243374
20 0.243329
20 0.244054
20 0.242734
20 0.243724
20 0.242924
20 0.243104
20 0.242989
20 0.242879
20 0.243429
20 0.243864
20 0.242979
20 0.243174
20 0.244024
20 0.243769
20 0.242824
20 0.243549
20 0.243649
20 0.242609
20 0.243269
20 0.243539
20 0.242459
20 0.243019
20 0.243654
20 0.242959
21 0.243429
20 0.243584
20 0.242964
20 0.242839
20 0.243324
20 0.243419
20 0.243004
21 0.243354
20 0.243379
20 0.242564
20 0.243539
20 0.243419
20 0.243219
20 0.243314
20 0.242719
21 0.242949
20 0.242774
20 0.244314
20 0.243504
20 0.243904
20 0.242559
20 0.243209
20 0.243459
20 0.244249
20 0.242954
20 0.242949
21 0.243344
20 0.243549
20 0.243439
20 0.243064
20 0.243089
20 0.243084
20 0.243134
20 0.242929
20 0.242704
20 0.243429
20 0.243554
20 0.243309
20 0.242839
21 0.243089
20 0.243079
21 0.243289
20 0.243029
20 0.243704
20 0.243354
21 0.242969
21 0.243349
20 0.243394
20 0.242849
20 0.243364
20 0.243384
20 0.242844
20 0.243414
20 0.243439
21 0.242224
20 0.243564
20 0.243014
20 0.243074
20 0.243764
20 0.242979
21 0.243144
20 0.243669
20 0.243769
20 0.243254
21 0.243904
20 0.242909
21 0.243484
20 0.243154
20 0.243339
20 0.243144
20 0.242954
20 0.243469
20 0.242934
20 0.244079
20 0.243509
20 0.243724
21 0.243159
21 0.242889
20 0.243889
20 0.243644
20 0.242959
20 0.242834
20 0.243804
20 0.243179
20 0.243259
20 0.242649
21 0.243169
20 0.243514
20 0.244024
20 0.243144
20 0.243584
21 0.243219
20 0.243329
20 0.243009
20 0.242769
20 0.242819
20 0.243349
20 0.244249
20 0.243294
20 0.242674
20 0.242739
21 0.243529
20 0.243984
21 0.243564
20 0.243639
20 0.243339
21 0.242964
20 0.243079
20 0.243284
20 0.243359
20 0.243479
20 0.242874
21 0.243264
20 0.243009
20 0.242869
20 0.242964
20 0.242989
21 0.243264
20 0.243719
20 0.243324
20 0.243459
20 0.243544
20 0.243444
20 0.243654
20 0.243009
20 0.243174
20 0.244529
20 0.243504
20 0.242934
20 0.243304
20 0.242474
20 0.243029
20 0.243829
21 0.243639
20 0.243894
20 0.243129
20 0.243794
21 0.243459
21 0.243239
21 0.243069
20 0.244034
20 0.243649
20 0.243134
20 0.243554
20 0.243124
20 0.243099
20 0.243119
20 0.242939
20 0.243419
20 0.243694
20 0.243179
20 0.243409
20 0.242259
20 0.242754
21 0.243199
20 0.243249
20 0.243599
20 0.243454
20 0.243994
20 0.243169
20 0.243329
20 0.243079
20 0.242614
20 0.243549
20 0.243229
20 0.242814
20 0.243229
21 0.242944
20 0.243654
20 0.243779
20 0.243604
20 0.243399
20 0.242779
21 0.243399
21 0.243139
20 0.243729
20 0.243739
21 0.243324
20 0.243254
20 0.242764
20 0.243749
20 0.243014
20 0.242979
20 0.243379
21 0.243419
21 0.243509
20 0.243079
20 0.244239
20 0.244069
20 0.243839
20 0.243069
21 0.243059
20 0.243144
20 0.243344
20 0.243609
20 0.243324
21 0.243529
20 0.243219
20 0.242849
20 0.243684
20 0.243744
20 0.243169
21 0.243434
20 0.243144
20 0.243354
20 0.242914
20 0.243369
20 0.243364
20 0.243589
20 0.243549
20 0.243404
20 0.243874
20 0.243054
20 0.243829
20 0.243804
20 0.242514
20 0.243094
20 0.243109
20 0.243189
20 0.243159
20 0.242644
20 0.243329
20 0.243014
20 0.243269
21 0.243224
20 0.243939
20 0.243359
20 0.243169
20 0.243409
21 0.243779
21 0.242524
20 0.242744
20 0.243144
20 0.243479
20 0.243174
20 0.243024
20 0.243114
20 0.242834
21 0.243024
20 0.243609
20 0.242764
20 0.243149
20 0.243339
20 0.242734
20 0.243509
20 0.243099
20 0.243724
20 0.243899
20 0.243064
20 0.242954
20 0.243024
20 0.242254
20 0.242544
20 0.242734
20 0.244429
20 0.243539
20 0.243589
21 0.243214
20 0.243459
20 0.243249
20 0.243344
20 0.243219
20 0.242994
20 0.243369
20 0.243629
20 0.243409
21 0.244099
20 0.243509
20 0.243089
20 0.242794
20 0.243944
21 0.243264
20 0.243534
20 0.243219
20 0.243264
20 0.243139
21 0.242814
20 0.243979
20 0.243424
20 0.243834
20 0.244169
20 0.242844
20 0.243194
21 0.243244
20 0.243124
20 0.243109
20 0.243059
20 0.243324
21 0.243554
20 0.243749
20 0.243439
20 0.243144
20 0.242999
20 0.243019
20 0.243429
20 0.243679
20 0.243159
21 0.243269
20 0.243189
20 0.242649
20 0.242954
20 0.243994
20 0.243919
20 0.242684
20 0.242794
20 0.242859
20 0.243174
20 0.242509
20 0.243129
20 0.242899
20 0.243449
20 0.242504
21 0.243054
20 0.243454
20 0.243434
20 0.242664
20 0.242929
21 0.243439
20 0.243234
20 0.243134
21 0.243389
20 0.242629
20 0.243159
20 0.243819
21 0.242859
21 0.243504
20 0.243664
20 0.242869
20 0.242899
20 0.242934
20 0.242784
20 0.242929
20 0.242924
20 0.242864
20 0.242919
21 0.243089
20 0.242664
21 0.243254
20 0.243284
21 0.243609
21 0.243189
20 0.243499
20 0.243379
20 0.242809
20 0.243654
20 0.242919
20 0.243539
20 0.243669
20 0.243689
20 0.243459
20 0.243904
20 0.243294
20 0.242789
20 0.243024
20 0.243619
20 0.243249
20 0.242889
20 0.243094
21 0.243579
20 0.243414
20 0.243384
20 0.242394
20 0.243179
21 0.242294
20 0.243029
20 0.242704
20 0.243644
20 0.243304
20 0.242569
20 0.243619
20 0.243454
20 0.243469
20 0.243514
21 0.243074
20 0.243144
20 0.243044
21 0.242714
20 0.243429
20 0.243599
20 0.243029
20 0.243589
21 0.242779
20 0.244474
20 0.243459
20 0.243099
20 0.243479
20 0.243214
20 0.243099
20 0.242724
20 0.243489
20 0.243369
21 0.243844
20 0.243449
21 0.243114
21 0.243279
20 0.243804
20 0.242984
21 0.242939
21 0.242949
20 0.243414
20 0.242839
20 0.243179
20 0.243644
20 0.243284
21 0.243359
21 0.242924
20 0.243769
20 0.243059
20 0.243494
20 0.243084
20 0.243754
20 0.243199
20 0.242999
20 0.243819
20 0.242794
20 0.242634
20 0.243249
21 0.243444
20 0.243314
20 0.243694
20 0.243174
20 0.243599
20 0.243449
20 0.243789
20 0.243719
20 0.243329
20 0.243429
20 0.243204
20 0.242824
20 0.243769
20 0.243049
20 0.243479
21 0.244069
21 0.243084
20 0.243184
20 0.242744
20 0.243769
20 0.243554
20 0.243034
20 0.242924
21 0.243604
20 0.243814
20 0.242694
20 0.243074
21 0.242814
21 0.243319
21 0.243324
20 0.243254
20 0.243424
21 0.243179
20 0.243269
20 0.242899
20 0.243754
20 0.243344
20 0.242604
20 0.242834
20 0.243409
20 0.243859
20 0.243194
20 0.242884
20 0.243024
20 0.243194
20 0.243279
20 0.243389
20 0.243414
20 0.243399
20 0.243164
20 0.243664
20 0.243264
20 0.243114
20 0.243649
21 0.243199
21 0.243384
21 0.243739
20 0.242884
20 0.243534
21 0.243464
21 0.242734
20 0.243639
20 0.243104
20 0.242789
20 0.243704
20 0.242809
20 0.243464
20 0.243084
20 0.243844
20 0.242364
20 0.243579
20 0.243849
20 0.243259
21 0.242779
20 0.243009
21 0.242939
20 0.243179
20 0.243374
20 0.242484
20 0.243699
20 0.242744
20 0.243169
20 0.243084
20 0.242594
21 0.243124
20 0.243619
20 0.243044
20 0.243654
20 0.243104
20 0.242229
20 0.243534
20 0.243444
20 0.243264
20 0.242719
20 0.242944
20 0.242604
20 0.243449
21 0.242369
20 0.243184
21 0.243609
20 0.243189
20 0.243294
20 0.243569
20 0.243504
20 0.243184
21 0.243754
20 0.243499
20 0.243394
20 0.243264
20 0.243249
21 0.242964
20 0.243839
21 0.243229
21 0.243319
20 0.243489
20 0.243489
20 0.244259
21 0.244154
20 0.243314
21 0.243869
20 0.242804
20 0.242569
20 0.242979
20 0.243189
21 0.242829
21 0.243389
21 0.243134
20 0.243699
20 0.243579
20 0.243814
21 0.243574
20 0.243504
20 0.243209
21 0.243549
21 0.243124
20 0.242844
20 0.243334
20 0.243939
20 0.242559
20 0.242954
21 0.242819
20 0.243174
20 0.242774
20 0.243414
20 0.243524
20 0.243629
20 0.242909
20 0.243439
20 0.243304
20 0.243284
21 0.244164
20 0.242739
20 0.243109
21 0.243144
21 0.243174
20 0.243289
20 0.242909
20 0.242959
20 0.243879
21 0.243334
20 0.243069
20 0.242999
21 0.243039
20 0.243624
20 0.243284
20 0.242849
20 0.242879
20 0.243704
20 0.242664
20 0.242374
20 0.242939
20 0.242629
20 0.243049
20 0.242999
20 0.243119
20 0.243184
20 0.242529
20 0.243339
20 0.243574
20 0.243259
21 0.243094
20 0.243314
20 0.243739
20 0.243654
21 0.243969
20 0.243354
20 0.243794
20 0.243359
20 0.243689
20 0.242899
20 0.243564
20 0.243079
21 0.243024
20 0.243204
20 0.243304
20 0.243429
21 0.243149
21 0.243314
20 0.242774
20 0.243824
20 0.243324
21 0.243234
20 0.242769
21 0.242829
21 0.243324
21 0.243069
20 0.242644
20 0.242624
20 0.243529
20 0.242284
20 0.243564
20 0.243079
20 0.243344
20 0.243494
20 0.243059
21 0.243054
21 0.242699
20 0.242819
20 0.242909
20 0.242929
20 0.243299
20 0.243769
20 0.242769
20 0.244154
20 0.243724
20 0.243359
21 0.243564
20 0.243539
20 0.242534
20 0.243019
21 0.242869
20 0.243184
20 0.242884
20 0.243889
20 0.242139
20 0.243019
20 0.242734
21 0.242754
21 0.243039
20 0.243304
20 0.242369
20 0.243054
20 0.243309
20 0.242809
20 0.243479
20 0.244429
20 0.243994
21 0.243194
20 0.243149
20 0.243419
20 0.243314
21 0.242894
20 0.243394
20 0.242819
20 0.243484
20 0.243409
20 0.242719
21 0.243579
21 0.243374
21 0.243824
21 0.242959
20 0.243114
21 0.242779
21 0.243284
20 0.242704
20 0.242984
21 0.242864
20 0.243089
20 0.243114
20 0.243099
20 0.243619
20 0.243074
20 0.242799
20 0.243629
20 0.242599
20 0.242929
21 0.243034
21 0.244204
20 0.242854
20 0.243254
21 0.242904
20 0.242824
21 0.243269
20 0.243164
20 0.243789
20 0.243304
20 0.243369
20 0.243594
20 0.242999
21 0.243209
20 0.243004
20 0.243549
20 0.242989
20 0.243064
21 0.243154
20 0.243289
20 0.243169
20 0.242934
20 0.243059
20 0.243469
20 0.242959
20 0.242799
20 0.242994
20 0.244184
20 0.243084
21 0.243289
20 0.243464
20 0.243409
20 0.242754
20 0.242904
20 0.242709
20 0.243394
20 0.243259
20 0.243694
20 0.243069
20 0.243614
20 0.243589
20 0.243589
20 0.243249
20 0.243144
20 0.243464
20 0.243069
20 0.243149
20 0.243114
20 0.242814
20 0.242904
20 0.242624
20 0.242379
20 0.243189
20 0.242634
21 0.243499
20 0.243069
20 0.243149
21 0.243099
20 0.242789
20 0.242859
20 0.243134
21 0.243409
20 0.243359
20 0.242559
20 0.243594
20 0.243219
20 0.243014
20 0.243179
20 0.242819
21 0.243379
20 0.242829
21 0.243384
20 0.243664
20 0.242739
20 0.243019
20 0.243139
20 0.243234
20 0.242669
20 0.243474
20 0.242974
20 0.243019
20 0.242939
20 0.243514
20 0.242994
20 0.243389
20 0.243034
20 0.243059
21 0.244119
20 0.243179
20 0.243734
20 0.243499
20 0.243779
20 0.243049
20 0.242724
20 0.243039
20 0.243129
20 0.242744
20 0.242664
20 0.243404
20 0.242894
20 0.243169
20 0.243259
20 0.243944
20 0.243159
20 0.244299
20 0.243449
21 0.242504
21 0.243119
20 0.243284
21 0.243569
20 0.243564
20 0.243249
20 0.243149
20 0.243669
21 0.243024
20 0.243459
21 0.243724
20 0.242854
20 0.243804
21 0.242559
20 0.243399
20 0.243354
21 0.243384
20 0.242604
21 0.243409
20 0.243489
20 0.243704
20 0.243109
20 0.243304
20 0.242859
20 0.243789
21 0.243044
21 0.243869
20 0.243154
20 0.242864
20 0.242549
20 0.242869
20 0.243084
20 0.243994
20 0.242649
20 0.242809
20 0.243219
20 0.243689
20 0.243309
20 0.242544
20 0.242969
21 0.243194
20 0.243904
20 0.243439
20 0.243134
21 0.243884
20 0.243239
20 0.243549
20 0.242434
20 0.243569
20 0.243489
21 0.243669
20 0.243404
20 0.243369
21 0.243719
21 0.243129
20 0.243304
20 0.242944
20 0.243904
20 0.243009
20 0.243399
20 0.244109
