1000000 1000
25 0.243437
24 0.243134
24 0.243312
24 0.243208
25 0.243195
24 0.24339
24 0.243299
25 0.243217
24 0.243287
24 0.24335
24 0.243289
24 0.243401
25 0.243106
24 0.243244
24 0.24339
24 0.243318
24 0.243439
24 0.243183
24 0.243248
24 0.243316
24 0.243097
24 0.243229
24 0.243459
24 0.243148
24 0.243337
24 0.243383
24 0.243165
24 0.243247
24 0.243107
24 0.243327
24 0.242963
25 0.243393
24 0.243439
24 0.243336
25 0.243164
24 0.243373
24 0.243414
24 0.243188
25 0.243436
25 0.243271
24 0.243317
24 0.243139
24 0.243235
24 0.243339
24 0.243517
24 0.243374
24 0.243004
24 0.243243
24 0.243339
24 0.243274
24 0.243292
24 0.243221
24 0.24313
24 0.243212
25 0.243344
24 0.243334
24 0.243375
24 0.243232
24 0.243434
25 0.243254
24 0.243187
24 0.243276
25 0.243506
24 0.243543
24 0.243338
25 0.243285
25 0.243216
24 0.243151
24 0.24331
24 0.243211
24 0.243354
25 0.243205
24 0.243294
24 0.243047
24 0.243015
25 0.243204
24 0.243232
24 0.243211
24 0.243314
24 0.243443
25 0.243201
24 0.243094
24 0.24345
24 0.2431
24 0.243264
24 0.243351
24 0.243073
25 0.243142
25 0.243165
25 0.243357
24 0.243338
24 0.243224
24 0.243181
24 0.243031
25 0.243527
24 0.243431
25 0.242999
25 0.243325
24 0.243517
24 0.243392
24 0.243242
25 0.243173
24 0.24327
24 0.243198
25 0.243448
24 0.243204
24 0.243359
24 0.243347
24 0.243288
24 0.24334
24 0.243378
24 0.243257
24 0.243307
24 0.243196
24 0.243184
25 0.243321
25 0.243361
24 0.243205
24 0.243354
24 0.243296
24 0.243273
24 0.24347
24 0.243375
24 0.243154
25 0.243161
25 0.243395
24 0.243139
24 0.243225
24 0.243336
25 0.243208
24 0.243409
24 0.243343
24 0.243185
24 0.243249
24 0.243177
24 0.243242
24 0.243244
24 0.243083
24 0.243245
24 0.24306
24 0.243037
24 0.243318
24 0.243019
24 0.243268
24 0.243213
24 0.243222
24 0.242919
24 0.243296
25 0.243397
25 0.243131
24 0.24327
24 0.243272
25 0.243302
24 0.243274
24 0.243216
24 0.243132
25 0.243254
24 0.243284
24 0.243395
24 0.243338
24 0.243364
24 0.243275
24 0.243164
25 0.24347
24 0.24323
24 0.243376
24 0.243372
24 0.243168
24 0.243077
24 0.243341
25 0.243356
24 0.243214
24 0.243318
24 0.243379
24 0.243241
24 0.242953
24 0.243418
24 0.243439
24 0.243099
24 0.243225
24 0.243345
24 0.243232
24 0.243532
24 0.24314
24 0.243037
24 0.243565
25 0.243384
25 0.243249
24 0.243599
25 0.24323
24 0.243235
24 0.243275
24 0.24332
24 0.243383
24 0.243128
24 0.243105
25 0.243355
24 0.243291
25 0.243224
24 0.243244
24 0.24317
24 0.242978
24 0.243358
24 0.243096
24 0.243206
24 0.243526
24 0.243164
24 0.24305
24 0.2432
24 0.243095
24 0.243439
24 0.243412
24 0.243278
24 0.243334
24 0.243286
25 0.243527
24 0.24325
24 0.243076
24 0.243296
24 0.243188
24 0.243452
24 0.243241
24 0.243105
25 0.243193
24 0.243265
24 0.24324
24 0.243351
24 0.243229
24 0.24322
25 0.243116
24 0.243369
24 0.243335
24 0.243354
24 0.243154
24 0.24309
24 0.243243
25 0.243333
24 0.243192
24 0.243324
25 0.243498
24 0.243154
24 0.243348
25 0.243175
24 0.243344
24 0.243381
25 0.243227
24 0.243044
24 0.243255
24 0.243173
25 0.243349
24 0.243301
24 0.243325
24 0.243188
24 0.243102
24 0.243324
24 0.243156
25 0.243027
24 0.24328
24 0.243133
25 0.243306
24 0.243445
24 0.243236
24 0.243523
24 0.243245
24 0.24321
25 0.243254
24 0.243189
25 0.24318
24 0.243299
24 0.243269
24 0.243077
24 0.243121
24 0.243332
24 0.243362
24 0.243157
25 0.243311
24 0.24328
25 0.243239
24 0.243353
25 0.243213
25 0.243269
24 0.24331
24 0.243181
24 0.243064
24 0.243511
24 0.24317
25 0.24323
24 0.243221
25 0.243083
25 0.243188
24 0.243154
24 0.243609
24 0.24323
25 0.243213
24 0.243314
24 0.243333
24 0.242979
25 0.243224
24 0.243309
25 0.243286
24 0.243224
24 0.243194
24 0.243204
24 0.24327
24 0.243174
24 0.243422
25 0.243133
25 0.243229
24 0.24322
25 0.243198
24 0.24318
24 0.243168
24 0.24318
25 0.243257
24 0.24336
24 0.243315
24 0.243208
24 0.243446
25 0.243255
25 0.243215
24 0.243209
24 0.243446
25 0.24313
25 0.243211
24 0.242957
24 0.243341
24 0.243211
24 0.243161
24 0.243326
24 0.243234
24 0.243192
24 0.243112
24 0.24313
24 0.243134
24 0.243296
25 0.243366
24 0.243066
24 0.243208
24 0.243263
24 0.243284
24 0.243254
24 0.24317
25 0.24326
24 0.242988
24 0.24314
24 0.24338
25 0.24327
24 0.243382
24 0.243355
24 0.243399
24 0.243392
24 0.243141
24 0.243542
24 0.243357
24 0.243103
24 0.243186
24 0.243311
24 0.243364
24 0.243281
25 0.243422
24 0.243333
24 0.243012
24 0.243316
24 0.243206
24 0.243187
24 0.243268
24 0.243337
24 0.243277
24 0.24307
24 0.243216
24 0.243157
25 0.243029
24 0.243111
24 0.243195
24 0.243072
24 0.243377
24 0.243194
24 0.243262
24 0.24317
24 0.243158
24 0.243224
24 0.243119
25 0.243517
24 0.243222
24 0.243267
25 0.243132
25 0.243046
24 0.243248
24 0.243133
24 0.243231
24 0.243149
24 0.243265
24 0.243501
24 0.243153
24 0.243106
24 0.243202
24 0.243137
24 0.243374
25 0.243277
24 0.243447
24 0.243294
25 0.243133
24 0.243112
25 0.243116
24 0.243376
24 0.243304
25 0.243266
24 0.243302
24 0.243317
24 0.243382
24 0.243375
24 0.243235
25 0.243247
24 0.243117
24 0.243293
24 0.243142
24 0.243307
25 0.243341
24 0.243163
24 0.243326
24 0.243235
24 0.243612
24 0.243407
24 0.243247
24 0.243069
25 0.243257
24 0.243321
24 0.2432
24 0.243425
25 0.24304
24 0.243252
24 0.243521
24 0.243341
24 0.243325
24 0.243313
24 0.243339
24 0.243094
24 0.24326
25 0.243215
25 0.243324
24 0.243266
24 0.24319
24 0.243233
25 0.243319
24 0.243186
24 0.243229
24 0.24326
25 0.243272
24 0.243283
25 0.243269
24 0.24324
24 0.243387
25 0.243177
25 0.243259
24 0.243503
25 0.243294
25 0.243219
24 0.24311
25 0.243156
24 0.243319
24 0.243241
24 0.243075
24 0.243222
25 0.243392
24 0.243262
24 0.243369
24 0.243476
24 0.243229
24 0.242967
25 0.243249
24 0.243338
24 0.243092
24 0.243075
24 0.243431
25 0.24332
24 0.243191
25 0.24319
24 0.243411
24 0.243098
24 0.24333
24 0.243079
24 0.243263
24 0.24322
24 0.243352
24 0.24322
24 0.243112
24 0.24317
24 0.243284
25 0.243153
24 0.243104
25 0.243054
24 0.243179
24 0.243448
24 0.243002
24 0.243105
24 0.24316
24 0.243299
24 0.243119
24 0.243137
24 0.243272
24 0.243131
24 0.243102
24 0.243067
24 0.242985
24 0.243352
25 0.243251
25 0.243415
25 0.24344
25 0.242986
24 0.243198
25 0.24333
24 0.243142
24 0.243265
25 0.243396
24 0.243244
24 0.243033
24 0.24344
24 0.243158
24 0.243274
24 0.243313
24 0.243215
24 0.243401
25 0.24332
24 0.243158
24 0.24318
24 0.243369
24 0.243082
24 0.243196
24 0.243257
24 0.243163
24 0.243412
24 0.243433
24 0.243331
24 0.243328
24 0.243337
24 0.243506
24 0.243299
24 0.243313
24 0.243052
24 0.24321
24 0.243101
25 0.24306
24 0.243189
24 0.243279
24 0.243403
24 0.243209
24 0.243211
24 0.243329
24 0.243467
25 0.243278
24 0.243178
25 0.243074
25 0.243459
24 0.24338
24 0.243002
25 0.243389
24 0.243239
25 0.24309
25 0.24333
24 0.243302
25 0.24321
24 0.243334
24 0.243136
24 0.243154
24 0.243364
24 0.243105
24 0.243345
24 0.243224
24 0.243228
24 0.243332
24 0.243171
24 0.243433
24 0.243184
24 0.243165
24 0.243417
25 0.243086
25 0.243338
24 0.24304
24 0.243504
24 0.243272
25 0.243393
24 0.243026
24 0.24321
25 0.243486
25 0.243209
25 0.243006
24 0.243259
24 0.243218
24 0.243095
24 0.243437
24 0.243269
25 0.24319
24 0.243399
24 0.243346
24 0.243321
24 0.243383
24 0.243327
24 0.243342
24 0.2434
24 0.243416
25 0.242873
24 0.243305
24 0.243414
24 0.242953
24 0.243242
24 0.243213
24 0.243179
24 0.243282
24 0.243492
24 0.243506
24 0.243117
25 0.243344
24 0.24323
24 0.243208
24 0.243317
24 0.24305
24 0.243289
24 0.243502
24 0.243164
24 0.243107
24 0.243333
25 0.243056
24 0.243483
24 0.24305
25 0.243215
24 0.243399
24 0.243374
25 0.243428
24 0.243275
24 0.243132
25 0.243057
24 0.243191
24 0.24352
24 0.243195
25 0.243293
24 0.243343
24 0.243076
25 0.24319
24 0.243341
24 0.243275
25 0.243383
24 0.243106
24 0.24322
24 0.243223
24 0.243057
24 0.243034
24 0.243218
25 0.243176
24 0.243211
25 0.243336
24 0.243054
24 0.243292
24 0.243211
24 0.243181
24 0.243442
24 0.243373
24 0.243243
25 0.243289
24 0.243152
24 0.243172
24 0.243272
24 0.243372
24 0.243281
24 0.243118
24 0.243293
24 0.243244
24 0.243084
24 0.243254
24 0.243139
24 0.243082
24 0.243298
24 0.243226
24 0.243344
24 0.243391
24 0.243184
25 0.243464
24 0.243194
24 0.243395
24 0.243244
24 0.24324
24 0.243338
24 0.24346
24 0.243261
25 0.243301
25 0.243087
24 0.242946
24 0.243073
25 0.243216
24 0.243326
24 0.243344
25 0.243121
24 0.243364
25 0.243367
24 0.243395
24 0.243044
24 0.243127
25 0.243432
25 0.243251
24 0.243222
24 0.243078
24 0.243343
24 0.243388
24 0.243321
24 0.243242
24 0.24317
24 0.243331
25 0.243296
24 0.2431
24 0.243226
24 0.24331
25 0.243408
24 0.243071
25 0.243142
24 0.243224
24 0.242984
24 0.243441
24 0.243324
24 0.243065
24 0.243421
25 0.243418
24 0.243105
24 0.2431
25 0.243202
25 0.243315
24 0.243219
24 0.243094
25 0.243204
25 0.243268
24 0.243142
24 0.243221
25 0.243099
24 0.243315
24 0.24316
24 0.243208
24 0.243289
24 0.243177
24 0.243176
24 0.243056
25 0.243239
24 0.243216
24 0.243329
25 0.24335
24 0.243068
24 0.243216
24 0.243082
24 0.243293
24 0.243253
25 0.243256
25 0.243104
24 0.243327
25 0.243078
24 0.243164
25 0.243235
25 0.243301
25 0.243349
24 0.24333
24 0.243157
24 0.243287
24 0.243198
24 0.243299
25 0.243494
24 0.24325
25 0.243135
24 0.243085
25 0.243095
24 0.243211
24 0.243463
24 0.243194
24 0.24332
24 0.243271
24 0.243229
24 0.243509
24 0.243303
24 0.243301
24 0.243184
24 0.243329
24 0.24327
24 0.243374
24 0.243269
24 0.243317
24 0.243452
24 0.243077
24 0.243281
24 0.243406
24 0.243308
24 0.243167
24 0.24325
24 0.243477
24 0.243276
24 0.243252
25 0.243446
25 0.243179
24 0.243198
24 0.243322
25 0.243108
24 0.243256
25 0.243326
24 0.243273
24 0.243243
24 0.243261
24 0.24324
24 0.243156
24 0.243229
24 0.243205
24 0.243463
24 0.243358
24 0.243202
24 0.243267
24 0.243352
24 0.243265
24 0.243174
24 0.243151
24 0.243447
24 0.243147
24 0.243635
24 0.243352
24 0.243106
24 0.243036
24 0.243191
24 0.243358
24 0.243516
24 0.243292
24 0.243392
24 0.243354
24 0.242902
24 0.24331
24 0.243407
25 0.243147
24 0.243119
24 0.243097
24 0.243261
24 0.243263
24 0.243267
24 0.243075
25 0.243088
24 0.243325
24 0.243277
24 0.243345
24 0.24329
24 0.243287
24 0.243342
24 0.243379
24 0.243146
24 0.24339
24 0.243314
25 0.243217
24 0.243275
25 0.243159
24 0.243011
24 0.243122
24 0.243297
24 0.243221
24 0.243187
24 0.243195
25 0.24327
24 0.243605
24 0.243045
25 0.243351
24 0.243512
24 0.243352
24 0.243226
24 0.243227
25 0.243299
24 0.243283
24 0.24349
24 0.243163
24 0.243044
24 0.243393
24 0.24319
24 0.243243
24 0.243483
25 0.243324
24 0.243403
25 0.243358
24 0.243156
24 0.243303
25 0.243248
24 0.243397
24 0.243472
24 0.243224
24 0.243232
24 0.243265
24 0.243199
24 0.243178
24 0.243265
24 0.243138
24 0.243499
24 0.24329
25 0.243297
24 0.243145
24 0.243157
24 0.24339
24 0.243594
24 0.243193
24 0.243388
24 0.243146
24 0.24317
24 0.243479
24 0.243264
24 0.243348
24 0.243253
24 0.243247
24 0.243208
25 0.243097
24 0.24295
24 0.243206
24 0.243208
24 0.243347
24 0.243338
24 0.243297
24 0.243463
24 0.243247
24 0.243386
24 0.243261
25 0.243312
24 0.243305
24 0.243266
25 0.243383
24 0.243406
24 0.243212
24 0.243268
25 0.243414
24 0.243168
25 0.243275
24 0.243138
24 0.24338
24 0.243308
24 0.243289
24 0.243347
24 0.243184
24 0.243283
24 0.243271
24 0.243279
24 0.243259
25 0.243275
25 0.243395
25 0.243422
24 0.243282
24 0.243199
25 0.243424
24 0.243351
24 0.24335
24 0.243349
24 0.243109
24 0.243364
24 0.243278
24 0.24311
25 0.243444
24 0.243137
25 0.243112
24 0.243276
25 0.243394
25 0.243186
25 0.243396
24 0.243346
24 0.243104
24 0.24321
24 0.243215
24 0.243223
24 0.243278
24 0.243192
24 0.243286
24 0.243336
24 0.243228
25 0.243371
24 0.243356
24 0.243176
25 0.243179
25 0.24316
24 0.243047
24 0.243184
24 0.2431
24 0.243228
24 0.24325
24 0.243276
25 0.243328
24 0.243454
24 0.243224
24 0.243451
24 0.243349
24 0.243252
24 0.243147
25 0.24326
24 0.243323
24 0.243384
24 0.243371
24 0.243058
24 0.243321
24 0.243608
24 0.243217
24 0.243375
24 0.243206
24 0.243348
24 0.243237
25 0.243233
24 0.243257
25 0.243184
24 0.243337
24 0.243194
24 0.243239
