100000 100
20 0.243124
20 0.243704
20 0.243074
20 0.243404
20 0.243289
20 0.242724
20 0.243084
20 0.243354
20 0.244004
20 0.243154
21 0.243739
20 0.242879
20 0.243594
20 0.242389
20 0.243984
20 0.242829
20 0.242929
21 0.243399
20 0.243774
21 0.243489
20 0.243954
20 0.242934
20 0.243484
20 0.243584
20 0.244149
21 0.243334
20 0.243009
20 0.243929
20 0.243199
20 0.243434
20 0.243159
20 0.243854
20 0.242819
20 0.243264
20 0.242874
20 0.242944
20 0.242739
20 0.243534
21 0.242459
21 0.243484
20 0.243469
20 0.243369
20 0.242924
20 0.243864
20 0.243124
20 0.243404
20 0.243404
20 0.242314
20 0.243319
21 0.243244
20 0.243214
21 0.243689
20 0.243354
20 0.243674
20 0.243564
21 0.243634
20 0.243184
20 0.243359
20 0.242869
20 0.244249
20 0.242979
20 0.243584
20 0.243069
20 0.242874
21 0.243649
20 0.243124
20 0.243149
21 0.243544
20 0.243639
20 0.242389
20 0.243009
20 0.243284
20 0.243529
20 0.242754
20 0.242579
20 0.243919
20 0.243144
20 0.243799
21 0.243199
20 0.243264
21 0.242934
21 0.243609
20 0.243214
20 0.243419
20 0.243289
20 0.243334
21 0.243259
20 0.243049
20 0.242829
20 0.243694
20 0.243749
21 0.242919
20 0.242874
20 0.243299
20 0.243119
20 0.243224
21 0.243394
20 0.242904
20 0.243769
21 0.242554
