10000 1000
17 0.241488
16 0.243888
16 0.244088
16 0.241938
16 0.244888
16 0.244238
16 0.242988
16 0.241588
16 0.242188
16 0.243038
16 0.243588
17 0.242538
16 0.243588
17 0.244688
16 0.243338
16 0.242888
16 0.242788
17 0.245088
16 0.244638
16 0.240938
17 0.244538
16 0.242288
16 0.240838
17 0.243938
17 0.242588
16 0.243888
17 0.241788
16 0.245038
17 0.242438
16 0.241838
16 0.242838
16 0.243988
16 0.244088
17 0.244188
16 0.244388
17 0.242588
16 0.244938
16 0.242838
16 0.244588
16 0.242788
16 0.243338
16 0.243638
16 0.243388
16 0.244438
17 0.242788
16 0.244588
16 0.240438
17 0.242688
16 0.241588
16 0.243638
16 0.244538
16 0.242038
17 0.242688
16 0.244738
16 0.242638
16 0.241538
16 0.242588
16 0.243938
16 0.243788
16 0.246088
16 0.241988
17 0.245088
16 0.241838
16 0.245888
16 0.244088
17 0.242188
16 0.244038
16 0.242988
16 0.243838
16 0.245888
16 0.239938
16 0.244438
16 0.241888
16 0.242538
16 0.243638
16 0.244388
16 0.246088
16 0.244088
16 0.242388
16 0.245338
16 0.243188
16 0.242188
16 0.243838
16 0.242838
16 0.243938
16 0.245238
16 0.244038
16 0.244388
16 0.244338
16 0.241938
16 0.244388
16 0.243288
16 0.242638
16 0.243688
16 0.242888
17 0.242488
16 0.244488
16 0.242188
17 0.243688
16 0.242288
16 0.242838
16 0.243288
16 0.241738
17 0.243788
16 0.243388
16 0.241588
16 0.243838
17 0.243688
16 0.241888
16 0.243338
16 0.243088
16 0.242738
16 0.244638
17 0.240788
16 0.243788
16 0.242788
17 0.243238
16 0.243838
16 0.243338
16 0.243888
16 0.243438
16 0.243938
16 0.243338
16 0.241988
16 0.244788
17 0.243588
16 0.243038
16 0.242138
16 0.244738
16 0.243638
16 0.242338
17 0.246038
16 0.245788
16 0.243338
17 0.243588
16 0.244488
16 0.244888
16 0.242838
16 0.241038
16 0.241688
16 0.243488
16 0.244938
16 0.244338
17 0.241488
17 0.240938
16 0.242588
16 0.242438
16 0.244238
16 0.244588
16 0.243188
17 0.241838
16 0.241638
16 0.241838
17 0.244038
16 0.242638
16 0.244988
16 0.242338
16 0.244788
16 0.244088
16 0.242538
16 0.243388
16 0.244488
17 0.243688
16 0.243938
17 0.243738
16 0.241438
16 0.242338
16 0.243838
16 0.240988
16 0.240988
16 0.244838
16 0.242838
17 0.244238
16 0.244438
16 0.246088
16 0.245938
16 0.242688
16 0.243088
16 0.243388
16 0.242888
16 0.242988
16 0.244438
16 0.241688
16 0.242888
16 0.242388
16 0.243288
16 0.242388
16 0.242688
16 0.245088
16 0.243388
16 0.240738
16 0.241688
16 0.244488
16 0.245688
17 0.242138
16 0.242488
16 0.241638
16 0.242788
16 0.243588
16 0.243638
16 0.244388
16 0.243838
16 0.242838
16 0.242488
16 0.244288
16 0.243388
17 0.242588
16 0.243538
16 0.242388
16 0.244038
16 0.243888
16 0.242538
17 0.242438
16 0.242088
16 0.245488
16 0.241488
16 0.244038
17 0.243888
16 0.243538
16 0.244638
17 0.242788
16 0.244238
16 0.244088
16 0.242238
16 0.243238
16 0.242388
16 0.241238
16 0.243638
16 0.243088
16 0.243338
16 0.243288
16 0.240538
16 0.243188
16 0.243388
16 0.243338
16 0.244638
17 0.246088
16 0.243638
16 0.245688
17 0.245088
16 0.244488
16 0.241688
16 0.243838
16 0.243488
16 0.243038
16 0.241938
16 0.242738
16 0.241738
17 0.245238
16 0.244788
16 0.244288
16 0.241938
16 0.244238
16 0.243238
16 0.243038
16 0.244238
16 0.244388
16 0.243488
16 0.244138
16 0.243088
16 0.243588
16 0.243138
16 0.242488
16 0.241788
16 0.242338
16 0.242338
16 0.243988
16 0.243738
16 0.242088
16 0.243088
17 0.243538
16 0.242288
17 0.244338
16 0.244338
16 0.242538
16 0.242938
16 0.243588
16 0.243538
16 0.243338
16 0.243988
16 0.243288
16 0.243038
16 0.244838
16 0.241938
16 0.243588
17 0.243988
16 0.243238
16 0.242538
16 0.242288
16 0.243988
16 0.244688
16 0.242138
16 0.242738
17 0.243638
17 0.242288
16 0.243988
16 0.240738
16 0.244188
16 0.243088
16 0.242738
16 0.241638
16 0.244038
16 0.242588
16 0.243188
16 0.245188
16 0.244538
16 0.243188
16 0.243438
17 0.242538
17 0.243388
16 0.242838
17 0.245288
16 0.242688
16 0.244988
17 0.242638
16 0.242838
17 0.242438
16 0.243238
16 0.243188
16 0.243538
16 0.243538
17 0.241638
16 0.243238
16 0.244038
16 0.243638
16 0.242038
16 0.241838
16 0.245288
16 0.243038
16 0.245038
17 0.243788
16 0.243938
16 0.245488
16 0.244188
16 0.243138
16 0.241538
16 0.244988
16 0.241438
16 0.242038
16 0.241838
16 0.242688
16 0.243138
16 0.242388
16 0.243488
16 0.244238
17 0.243888
16 0.243988
16 0.244588
16 0.241288
16 0.244188
16 0.245488
16 0.244038
17 0.244488
16 0.245938
16 0.244838
16 0.242238
16 0.242938
16 0.244838
16 0.244238
17 0.242438
16 0.241588
16 0.244838
16 0.240938
16 0.243138
17 0.242788
16 0.243988
17 0.242138
17 0.240538
16 0.243938
17 0.243438
16 0.242138
17 0.243088
16 0.241638
16 0.244038
16 0.246288
16 0.242238
16 0.243938
16 0.244888
16 0.242888
16 0.240688
16 0.243438
16 0.244038
16 0.244138
16 0.243838
17 0.243938
16 0.242588
16 0.242438
16 0.244288
16 0.242138
16 0.243388
17 0.242888
16 0.244938
16 0.244938
16 0.243538
16 0.244438
16 0.241888
16 0.242538
16 0.243888
16 0.243688
16 0.242888
16 0.243688
16 0.241188
16 0.243588
16 0.243838
16 0.242538
16 0.243988
16 0.242088
17 0.242788
16 0.243738
16 0.244338
17 0.243538
16 0.244988
16 0.242588
16 0.242838
16 0.241538
16 0.243888
16 0.243338
16 0.243338
16 0.241288
16 0.243188
16 0.244388
16 0.244488
16 0.242888
16 0.242738
16 0.243888
17 0.241688
16 0.242438
16 0.244588
16 0.243888
17 0.242388
16 0.244388
16 0.242138
17 0.242238
16 0.240188
16 0.242088
17 0.241638
16 0.242388
16 0.242888
16 0.243438
17 0.243138
16 0.243838
17 0.241388
16 0.243988
16 0.242288
16 0.244338
16 0.243188
16 0.243288
16 0.242788
16 0.244388
16 0.244188
16 0.242288
16 0.243688
16 0.243688
16 0.243838
16 0.240938
16 0.243938
16 0.243138
17 0.244638
17 0.242188
16 0.242038
17 0.243438
16 0.244538
16 0.242838
16 0.243038
16 0.243738
16 0.241738
16 0.246288
16 0.241938
16 0.241688
16 0.244338
16 0.243688
16 0.243938
16 0.244188
16 0.243838
16 0.244938
16 0.243738
16 0.245188
16 0.241588
17 0.240088
17 0.243288
16 0.245738
16 0.241088
16 0.244988
16 0.243888
17 0.242888
16 0.242788
16 0.241538
17 0.242888
16 0.244388
16 0.241638
17 0.243788
16 0.242938
16 0.241888
16 0.244988
16 0.241238
16 0.244538
16 0.245638
17 0.244188
17 0.241588
16 0.243038
17 0.242938
17 0.243338
16 0.243788
16 0.243588
16 0.244388
16 0.245838
17 0.243238
16 0.242238
17 0.241238
16 0.244288
16 0.243238
16 0.243688
16 0.242888
17 0.243138
17 0.242238
17 0.243188
16 0.245738
16 0.242688
16 0.244388
17 0.244388
16 0.244238
16 0.242188
16 0.243588
16 0.245838
16 0.245888
16 0.243938
16 0.242188
16 0.244938
16 0.244138
17 0.242438
17 0.243488
16 0.243538
16 0.243438
17 0.243938
16 0.244188
16 0.242088
16 0.243588
16 0.243638
16 0.242138
16 0.243438
16 0.244688
16 0.243288
16 0.243438
16 0.244938
16 0.243938
16 0.244438
16 0.242938
16 0.243838
16 0.243938
16 0.242788
16 0.243138
16 0.243238
16 0.243988
16 0.242888
16 0.242538
16 0.241738
16 0.242888
16 0.242438
16 0.242588
16 0.242638
16 0.241238
16 0.243338
16 0.242638
16 0.242488
16 0.240138
16 0.243838
16 0.243788
16 0.245288
16 0.242988
16 0.242788
16 0.243738
17 0.242138
16 0.243288
16 0.242088
16 0.243688
16 0.244138
16 0.243338
16 0.244538
16 0.245588
16 0.243088
16 0.244088
16 0.242838
17 0.245188
16 0.241688
16 0.242738
16 0.243388
16 0.243838
16 0.244188
16 0.243388
16 0.244538
16 0.244688
16 0.243638
16 0.242788
16 0.242938
16 0.242938
16 0.242088
16 0.243638
16 0.241988
16 0.243688
17 0.242888
16 0.241488
17 0.243838
16 0.244038
16 0.242588
16 0.243738
16 0.242538
16 0.242188
16 0.243088
16 0.243688
16 0.243338
16 0.244938
16 0.243288
16 0.244238
16 0.242988
16 0.243238
16 0.242888
16 0.244988
16 0.242888
17 0.242888
16 0.245238
16 0.242888
16 0.242338
16 0.246088
17 0.243688
16 0.242888
16 0.243638
16 0.240338
16 0.243938
16 0.243688
16 0.244638
17 0.243738
16 0.242538
17 0.243938
16 0.243788
16 0.243338
16 0.242738
16 0.243138
17 0.241588
16 0.241638
16 0.244838
16 0.243088
16 0.243588
17 0.240038
16 0.244088
16 0.244388
16 0.243838
16 0.242338
16 0.242788
16 0.243088
16 0.243438
16 0.244188
17 0.244788
16 0.242438
16 0.241588
16 0.244738
16 0.244188
16 0.242988
16 0.242938
16 0.242738
17 0.243188
16 0.243138
17 0.241538
16 0.245138
16 0.241988
16 0.243588
16 0.245088
16 0.243538
16 0.242988
17 0.242438
16 0.241838
16 0.242088
16 0.243338
16 0.239488
16 0.243588
16 0.243738
16 0.243338
16 0.242638
16 0.243638
16 0.242538
16 0.244138
16 0.241388
16 0.242638
16 0.241288
16 0.243188
16 0.242088
16 0.242038
16 0.243738
16 0.242688
16 0.241588
16 0.242888
16 0.242888
16 0.242738
16 0.242688
16 0.243938
16 0.244238
16 0.243288
16 0.244238
16 0.243938
16 0.244038
16 0.245238
16 0.242988
16 0.243988
16 0.241638
16 0.243238
16 0.242938
17 0.241238
17 0.245688
16 0.244438
17 0.243088
16 0.242688
16 0.242488
16 0.243588
17 0.240488
16 0.244188
16 0.243938
16 0.242388
17 0.244238
16 0.241738
16 0.243288
16 0.244988
16 0.242088
17 0.242738
16 0.242188
16 0.243088
16 0.243638
17 0.242838
17 0.241288
16 0.242988
17 0.244138
16 0.242788
16 0.244838
16 0.245288
17 0.243688
17 0.244688
16 0.243588
16 0.243638
17 0.242688
16 0.243388
16 0.242338
17 0.241038
16 0.244238
16 0.243288
16 0.242538
16 0.245288
16 0.242538
17 0.241338
16 0.244388
16 0.240438
17 0.244238
16 0.243138
17 0.243838
16 0.243088
16 0.244688
16 0.244188
17 0.243438
16 0.244438
16 0.242488
16 0.242738
16 0.243838
16 0.242338
16 0.243688
16 0.244038
16 0.244688
16 0.242338
16 0.244788
16 0.244588
16 0.243288
16 0.241638
17 0.244638
16 0.245088
16 0.244288
16 0.242138
16 0.242088
16 0.243338
17 0.242788
16 0.241138
16 0.243038
16 0.243088
16 0.242488
16 0.244188
16 0.244138
16 0.241938
16 0.244938
16 0.242988
16 0.246238
16 0.242638
16 0.242638
16 0.241338
16 0.245388
17 0.243988
16 0.241438
17 0.241988
17 0.242588
16 0.243188
16 0.240938
16 0.243388
17 0.243038
16 0.243688
16 0.243688
16 0.244288
16 0.243838
16 0.242388
16 0.243238
16 0.241138
16 0.241288
16 0.242738
16 0.242638
16 0.243288
17 0.242588
16 0.244188
16 0.243738
16 0.244438
16 0.245338
16 0.243938
16 0.243438
16 0.244488
17 0.243288
16 0.245488
16 0.245688
17 0.242988
16 0.244188
16 0.244088
16 0.244288
17 0.241388
16 0.243488
16 0.241738
16 0.245138
16 0.243338
17 0.242238
16 0.242488
16 0.245788
16 0.243738
16 0.244038
16 0.243638
16 0.243838
16 0.242838
16 0.244788
16 0.242788
16 0.243538
17 0.241988
16 0.242438
16 0.242488
17 0.240138
17 0.242438
16 0.246238
17 0.242038
17 0.242738
16 0.243088
16 0.242038
17 0.245088
16 0.241888
16 0.243988
16 0.243688
16 0.242638
17 0.241738
16 0.242788
16 0.243338
16 0.243138
16 0.242688
16 0.245188
16 0.244688
16 0.242338
16 0.244138
16 0.245338
16 0.241488
16 0.242488
16 0.243938
16 0.243138
16 0.245488
16 0.243788
16 0.242438
16 0.242638
16 0.243988
16 0.243738
16 0.245388
16 0.244588
16 0.245288
16 0.243288
16 0.241238
16 0.242138
16 0.242238
16 0.241438
16 0.241738
17 0.242888
16 0.243238
16 0.242838
16 0.242488
16 0.242638
17 0.243238
16 0.241988
16 0.244038
16 0.240288
16 0.241938
16 0.245438
16 0.242638
16 0.243938
16 0.244138
16 0.243638
16 0.243538
16 0.241538
16 0.243338
16 0.245388
16 0.242238
16 0.242238
16 0.242038
16 0.243238
16 0.243788
16 0.242888
17 0.243438
16 0.243788
16 0.243838
16 0.243188
16 0.242238
17 0.243738
16 0.244988
17 0.242938
16 0.242088
16 0.243888
16 0.243038
16 0.244288
17 0.242988
16 0.243088
17 0.242738
16 0.242088
16 0.242138
16 0.240138
16 0.243288
16 0.242238
16 0.246288
17 0.241638
16 0.241988
16 0.241538
16 0.242188
16 0.242188
17 0.243338
16 0.242238
16 0.244188
16 0.242488
16 0.243338
16 0.244338
17 0.243188
16 0.243588
16 0.242838
16 0.244338
16 0.244538
16 0.246488
16 0.244288
16 0.242588
16 0.244888
17 0.243138
16 0.244188
16 0.242688
17 0.242938
16 0.246488
16 0.242388
16 0.243338
16 0.243438
16 0.243088
16 0.245188
17 0.241138
16 0.243788
16 0.242688
16 0.242738
16 0.242588
16 0.244488
16 0.242088
16 0.244738
16 0.243388
16 0.243638
16 0.243438
16 0.245588
16 0.244338
16 0.242788
16 0.243488
16 0.241938
16 0.243188
16 0.243138
16 0.243588
16 0.243688
17 0.242588
17 0.242638
16 0.242438
16 0.242638
16 0.244338
16 0.243588
16 0.243638
16 0.241988
16 0.243088
16 0.240888
16 0.243138
16 0.242988
17 0.243338
16 0.244688
16 0.243038
16 0.243238
16 0.242638
17 0.243088
16 0.243938
17 0.243038
17 0.243038
